00000000000000020000000000000000000000000000000000000000000000000001100000000000000000000000000000000000000000000000000000000000000000000000000000000000000
00000000000000000000000000000004000004000000000000000000000000000000100000000000000000000000000000000000000000000000000000000000000000000000000000000000000
00000000000020000200000000000000000000000000000000000000000000000000100000000000000000000000000000000000000000000000000000000000000000000000000000000000000
00000000002000000000000000000000000000000000000000000000000000300000100000000000000000000000000000000000000000000000000000000000000000000000000000000000000
00000000000000000000000000000000000000000000000000000000000211111110100000000000000000000000000000000000000000000000000000000000000000000000000000000000000
00000000002000000000000000000000000000000000000000000000000000000000000000000000000000000000000000000000000000000000000000000000000000000000000000000000000
00000000000000000000000000000000000000000000000000000000000200000000000000000000000000000000000000000000000000000000000000000000000000000000000000000000000
00000000002000200000000000000000000000000000000000000000000000000000000000000000000000000000000000000000000000000000000000000000000000000000000000000000000
00000000000000000000000000000000000000000000000000000000000200000000000000000000000000000000000000000000000000000000000000000000000000000000000000000000000
00000000002000000000000000000000000000000000000000000000000000000000000000000000000000000000000000000000000000000000000000000000000000000000000000000000000
00000000000000000000000000000000000000000000210000000000000200000000000000000000000000000000000000000000000000000000000000000000000000000000000000000000000
00000000002000000000000000000000000000000000010000000000001100000000000000000000000000000000000000000000000000000000000000000000000000000000000000000000000
00000000200000000000000000000000000000000000210000000000021110000000000001100000000000000000000000000000000000000000000000000000000000000000000000000000000
1111110000000000000000000000000000000000000001000000000000111100000000000F100000000000000000000000000000000000000000000000000000000000000000000000000000000
00000011000000000000000000000000000000000000210000000600021000100000000011100000000000000000000000000000000000000000000000000000000000000000000000000000000
00000000000000000022222225555555555555555550010060060006001000010000000010000000000000000000000000000000000000000000000000000000000000000000000000000000000
00000000000000000000000000000000000000000001111111111111111000001111111110000000000000000000000000000000000000000000000000000000000000000000000000000000000
00000000000000000000000000000000000000000000000000000000000000000000000000000000000000000000000000000000000000000000000000000000000000000000000000000000000
00000000000000000000000000000000000000000000000000000000000000000000000000000000000000000000000000000000000000000000000000000000000000000000000000000000000
00000000000000000000000000000000000000000000000000000000000000000000000000000000000000000000000000000000000000000000000000000000000000000000000000000000000